

Resnet18 44FPS (nbn)
    0.1091,     0.9666,      5.055,      0.212,      0.000,      0.861,      0.939,      0.971
    0.1052,     0.8682,      4.860,      0.204,      0.000,      0.864,      0.942,      0.974
    0.1035,     0.8515,      4.771,      0.199,      0.000,      0.870,      0.946,      0.976
    0.1027,     0.8939,      4.790,      0.196,      0.000,      0.874,      0.948,      0.977
    0.1027,     0.6953,      3.773,      0.199,      0.000,      0.873,      0.946,      0.975
    0.0992,     0.6282,      3.635,      0.192,      0.000,      0.876,      0.949,      0.978
    0.0976,     0.6153,      3.559,      0.186,      0.000,      0.883,      0.953,      0.979
    0.0964,     0.6358,      3.560,      0.184,      0.000,      0.886,      0.955,      0.980

Resnet18pe 40FPS (nbn)
    0.1083,     0.9603,      5.070,      0.213,      0.000,      0.859,      0.938,      0.970
    0.1047,     0.8702,      4.880,      0.206,      0.000,      0.861,      0.941,      0.973
    0.1030,     0.8490,      4.788,      0.201,      0.000,      0.867,      0.945,      0.975
    0.1023,     0.8929,      4.817,      0.198,      0.000,      0.871,      0.947,      0.976
    0.1018,     0.6926,      3.786,      0.200,      0.000,      0.872,      0.945,      0.974
    0.0987,     0.6344,      3.662,      0.193,      0.000,      0.874,      0.948,      0.977
    0.0971,     0.6178,      3.581,      0.188,      0.000,      0.880,      0.952,      0.978
    0.0959,     0.6393,      3.585,      0.185,      0.000,      0.884,      0.954,      0.979

vggASPPcsre 43FPS ()
    0.1109,     0.9985,      5.140,      0.213,      0.000,      0.861,      0.940,      0.972
    0.1060,     0.8738,      4.897,      0.204,      0.000,      0.865,      0.944,      0.975
    0.1044,     0.8553,      4.809,      0.199,      0.000,      0.870,      0.948,      0.977
    0.1045,     0.9224,      4.887,      0.197,      0.000,      0.874,      0.950,      0.977
    0.1041,     0.7159,      3.829,      0.199,      0.000,      0.875,      0.947,      0.975
    0.0999,     0.6352,      3.667,      0.191,      0.000,      0.877,      0.951,      0.978
    0.0984,     0.6212,      3.592,      0.187,      0.000,      0.883,      0.955,      0.980
    0.0980,     0.6549,      3.624,      0.184,      0.000,      0.886,      0.956,      0.980

Resnet18pe_occ2pp 40FPS (nbn)
    0.1093,     0.9698,      5.057,      0.213,      0.000,      0.861,      0.939,      0.971
    0.1045,     0.8514,      4.838,      0.204,      0.000,      0.864,      0.942,      0.974
    0.1030,     0.8360,      4.753,      0.199,      0.000,      0.871,      0.946,      0.976
    0.1023,     0.8834,      4.783,      0.196,      0.000,      0.874,      0.949,      0.976
    0.1028,     0.6957,      3.774,      0.199,      0.000,      0.873,      0.946,      0.974
    0.0987,     0.6222,      3.623,      0.191,      0.000,      0.877,      0.949,      0.977
    0.0972,     0.6095,      3.548,      0.186,      0.000,      0.883,      0.953,      0.979
    0.0961,     0.6327,      3.552,      0.184,      0.000,      0.887,      0.955,      0.979

Resnet18 44FPS (bn)
    0.1088,     0.9612,      5.077,      0.213,      0.000,      0.861,      0.939,      0.971
    0.1043,     0.8617,      4.869,      0.204,      0.000,      0.864,      0.943,      0.974
    0.1027,     0.8454,      4.783,      0.199,      0.000,      0.870,      0.947,      0.976
    0.1029,     0.8941,      4.817,      0.197,      0.000,      0.873,      0.949,      0.977
    0.1023,     0.6956,      3.803,      0.199,      0.000,      0.874,      0.946,      0.975
    0.0984,     0.6299,      3.663,      0.192,      0.000,      0.877,      0.950,      0.978
    0.0968,     0.6161,      3.583,      0.187,      0.000,      0.883,      0.954,      0.979
    0.0967,     0.6418,      3.598,      0.185,      0.000,      0.885,      0.955,      0.980

Resnet18pe 39FPS (bn)
    0.1082,     0.9191,      5.034,      0.211,      0.000,      0.860,      0.941,      0.972
    0.1034,     0.8265,      4.825,      0.202,      0.000,      0.864,      0.945,      0.975
    0.1016,     0.8051,      4.733,      0.197,      0.000,      0.870,      0.949,      0.977
    0.1016,     0.8432,      4.766,      0.195,      0.000,      0.873,      0.951,      0.978
    0.1019,     0.6647,      3.750,      0.198,      0.000,      0.873,      0.948,      0.976
    0.0975,     0.6045,      3.614,      0.190,      0.000,      0.877,      0.952,      0.978
    0.0959,     0.5871,      3.529,      0.184,      0.000,      0.883,      0.956,      0.980
    0.0955,     0.6054,      3.538,      0.182,      0.000,      0.885,      0.957,      0.981

Resnet18pe_convb 34FPS (bn)
    0.1101,     0.9641,      5.052,      0.212,      0.000,      0.862,      0.940,      0.972
    0.1051,     0.8603,      4.834,      0.204,      0.000,      0.866,      0.944,      0.975
    0.1033,     0.8391,      4.738,      0.198,      0.000,      0.872,      0.949,      0.977
    0.1033,     0.8961,      4.808,      0.196,      0.000,      0.875,      0.950,      0.977
    0.1035,     0.6881,      3.767,      0.199,      0.000,      0.875,      0.947,      0.975
    0.0992,     0.6261,      3.635,      0.191,      0.000,      0.878,      0.951,      0.978
    0.0975,     0.6093,      3.550,      0.186,      0.000,      0.884,      0.955,      0.980
    0.0968,     0.6328,      3.570,      0.184,      0.000,      0.887,      0.956,      0.980


Resnet18pe 2 stride first(bn/elu) 43FPS
    0.1098,     0.9704,      5.088,      0.212,      0.000,      0.861,      0.941,      0.972
    0.1051,     0.8707,      4.885,      0.204,      0.000,      0.865,      0.944,      0.974
    0.1036,     0.8549,      4.798,      0.198,      0.000,      0.871,      0.948,      0.976
    0.1043,     0.9060,      4.847,      0.196,      0.000,      0.873,      0.950,      0.977
    0.1032,     0.6922,      3.789,      0.198,      0.000,      0.875,      0.948,      0.975
    0.0990,     0.6287,      3.656,      0.191,      0.000,      0.878,      0.951,      0.978
    0.0976,     0.6160,      3.578,      0.186,      0.000,      0.884,      0.955,      0.979
    0.0978,     0.6417,      3.596,      0.184,      0.000,      0.886,      0.956,      0.980


Resnet18pe2 40FPS (bn)
    0.1098,     0.9704,      5.088,      0.212,      0.000,      0.861,      0.941,      0.972
    0.1051,     0.8707,      4.885,      0.204,      0.000,      0.865,      0.944,      0.974
    0.1036,     0.8549,      4.798,      0.198,      0.000,      0.871,      0.948,      0.976
    0.1043,     0.9060,      4.847,      0.196,      0.000,      0.873,      0.950,      0.977
    0.1032,     0.6922,      3.789,      0.198,      0.000,      0.875,      0.948,      0.975
    0.0990,     0.6287,      3.656,      0.191,      0.000,      0.878,      0.951,      0.978
    0.0976,     0.6160,      3.578,      0.186,      0.000,      0.884,      0.955,      0.979
    0.0978,     0.6417,      3.596,      0.184,      0.000,      0.886,      0.956,      0.980

Resnet18pe2_res31 38FPS (bn)
    0.1209,     1.0960,      5.460,      0.224,      0.000,      0.844,      0.935,      0.969
    0.1142,     0.9341,      5.164,      0.214,      0.000,      0.850,      0.940,      0.973
    0.1129,     0.9166,      5.080,      0.208,      0.000,      0.855,      0.944,      0.975
    0.1151,     0.9938,      5.157,      0.207,      0.000,      0.857,      0.945,      0.975
    0.1135,     0.7713,      4.025,      0.209,      0.000,      0.858,      0.943,      0.974
    0.1078,     0.6752,      3.836,      0.200,      0.000,      0.864,      0.948,      0.977
    0.1066,     0.6623,      3.765,      0.195,      0.000,      0.869,      0.952,      0.979
    0.1081,     0.7034,      3.797,      0.193,      0.000,      0.870,      0.953,      0.979

Resnet18pe2_res3 35FPS (bn)
    0.1121,     0.9972,      5.201,      0.217,      0.000,      0.858,      0.939,      0.971
    0.1051,     0.8426,      4.903,      0.205,      0.000,      0.864,      0.944,      0.974
    0.1033,     0.8223,      4.814,      0.200,      0.000,      0.870,      0.948,      0.976
    0.1054,     0.8787,      4.859,      0.198,      0.000,      0.871,      0.950,      0.977
    0.1054,     0.7149,      3.871,      0.203,      0.000,      0.871,      0.947,      0.974
    0.0992,     0.6178,      3.669,      0.192,      0.000,      0.877,      0.952,      0.978
    0.0975,     0.6013,      3.590,      0.187,      0.000,      0.883,      0.955,      0.979
    0.0992,     0.6369,      3.621,      0.186,      0.000,      0.883,      0.956,      0.980


Resnet18pe_occ2pp 39FPS (bn)
    0.1078,     0.9182,      5.012,      0.210,      0.000,      0.862,      0.941,      0.973
    0.1033,     0.8278,      4.818,      0.201,      0.000,      0.865,      0.945,      0.976
    0.1017,     0.8081,      4.730,      0.196,      0.000,      0.871,      0.949,      0.978
    0.1013,     0.8508,      4.762,      0.193,      0.000,      0.874,      0.951,      0.978
    0.1014,     0.6635,      3.729,      0.196,      0.000,      0.875,      0.949,      0.976
    0.0974,     0.6036,      3.596,      0.189,      0.000,      0.878,      0.952,      0.979
    0.0959,     0.5872,      3.513,      0.183,      0.000,      0.884,      0.956,      0.980
    0.0950,     0.6074,      3.519,      0.181,      0.000,      0.887,      0.957,      0.981

Res3vgg 51FPS (bn)
    0.1154,     1.0563,      5.246,      0.220,      0.000,      0.852,      0.935,      0.969
    0.1109,     0.9393,      5.022,      0.212,      0.000,      0.854,      0.939,      0.972
    0.1095,     0.9227,      4.944,      0.207,      0.000,      0.860,      0.942,      0.974
    0.1094,     0.9814,      5.001,      0.204,      0.000,      0.864,      0.945,      0.975
    0.1085,     0.7574,      3.922,      0.206,      0.000,      0.865,      0.942,      0.973
    0.1047,     0.6813,      3.777,      0.199,      0.000,      0.867,      0.946,      0.976
    0.1033,     0.6675,      3.707,      0.194,      0.000,      0.872,      0.950,      0.978
    0.1026,     0.6971,      3.725,      0.191,      0.000,      0.877,      0.952,      0.978

vggASPPcsre 43FPS ()
    0.1109,     0.9985,      5.140,      0.213,      0.000,      0.861,      0.940,      0.972
    0.1060,     0.8738,      4.897,      0.204,      0.000,      0.865,      0.944,      0.975
    0.1044,     0.8553,      4.809,      0.199,      0.000,      0.870,      0.948,      0.977
    0.1045,     0.9224,      4.887,      0.197,      0.000,      0.874,      0.950,      0.977
    0.1041,     0.7159,      3.829,      0.199,      0.000,      0.875,      0.947,      0.975
    0.0999,     0.6352,      3.667,      0.191,      0.000,      0.877,      0.951,      0.978
    0.0984,     0.6212,      3.592,      0.187,      0.000,      0.883,      0.955,      0.980
    0.0980,     0.6549,      3.624,      0.184,      0.000,      0.886,      0.956,      0.980

Res18ASPP
    0.1148,     0.9447,      5.145,      0.217,      0.000,      0.851,      0.938,      0.971
    0.1107,     0.8619,      4.961,      0.210,      0.000,      0.854,      0.941,      0.974
    0.1089,     0.8396,      4.872,      0.204,      0.000,      0.860,      0.945,      0.976
    0.1081,     0.8728,      4.866,      0.201,      0.000,      0.864,      0.948,      0.977
    0.1085,     0.6917,      3.858,      0.204,      0.000,      0.864,      0.946,      0.975
    0.1048,     0.6360,      3.735,      0.197,      0.000,      0.867,      0.949,      0.978
    0.1032,     0.6179,      3.654,      0.191,      0.000,      0.873,      0.953,      0.979
    0.1020,     0.6344,      3.635,      0.188,      0.000,      0.877,      0.955,      0.980

Reg_l1
    0.1125,     0.9808,      5.149,      0.215,      0.000,      0.854,      0.938,      0.971
    0.1083,     0.8799,      4.934,      0.208,      0.000,      0.857,      0.942,      0.974
    0.1065,     0.8575,      4.848,      0.202,      0.000,      0.863,      0.946,      0.976
    0.1050,     0.8952,      4.836,      0.198,      0.000,      0.869,      0.949,      0.977
    0.1059,     0.7013,      3.841,      0.202,      0.000,      0.868,      0.946,      0.975
    0.1022,     0.6389,      3.701,      0.195,      0.000,      0.870,      0.949,      0.977
    0.1005,     0.6201,      3.620,      0.190,      0.000,      0.875,      0.953,      0.979
    0.0987,     0.6373,      3.599,      0.185,      0.000,      0.881,      0.955,      0.980

occ2pp
    0.1125,     0.9980,      5.136,      0.215,      0.000,      0.855,      0.939,      0.971
    0.1067,     0.8875,      4.910,      0.205,      0.000,      0.860,      0.943,      0.974
    0.1051,     0.8670,      4.820,      0.200,      0.000,      0.866,      0.946,      0.976
    0.1053,     0.9251,      4.860,      0.197,      0.000,      0.870,      0.949,      0.977
    0.1059,     0.7235,      3.848,      0.201,      0.000,      0.868,      0.946,      0.974
    0.1006,     0.6490,      3.690,      0.192,      0.000,      0.873,      0.950,      0.977
    0.0990,     0.6327,      3.608,      0.187,      0.000,      0.879,      0.953,      0.979
    0.0988,     0.6622,      3.624,      0.185,      0.000,      0.882,      0.955,      0.980

Respnet18e_ori
    0.1107,     1.0151,      5.110,      0.215,      0.000,      0.860,      0.938,      0.970
    0.1058,     0.8940,      4.890,      0.206,      0.000,      0.863,      0.942,      0.973
    0.1044,     0.8776,      4.809,      0.201,      0.000,      0.869,      0.946,      0.975
    0.1040,     0.9343,      4.860,      0.198,      0.000,      0.872,      0.948,      0.975
    0.1040,     0.7246,      3.826,      0.202,      0.000,      0.872,      0.945,      0.973
    0.0998,     0.6441,      3.671,      0.193,      0.000,      0.875,      0.949,      0.977
    0.0984,     0.6315,      3.600,      0.189,      0.000,      0.881,      0.953,      0.978
    0.0975,     0.6615,      3.621,      0.186,      0.000,      0.884,      0.954,      0.979

Respnet18e_ori222(2stride after) 41.5FPS
    0.1124,     1.0121,      5.108,      0.215,      0.000,      0.858,      0.939,      0.971
    0.1077,     0.9027,      4.916,      0.207,      0.000,      0.861,      0.942,      0.974
    0.1063,     0.8854,      4.833,      0.202,      0.000,      0.867,      0.946,      0.975
    0.1066,     0.9418,      4.865,      0.200,      0.000,      0.870,      0.948,      0.976
    0.1059,     0.7311,      3.844,      0.202,      0.000,      0.871,      0.946,      0.974
    0.1017,     0.6559,      3.701,      0.194,      0.000,      0.874,      0.949,      0.977
    0.1004,     0.6433,      3.629,      0.189,      0.000,      0.880,      0.953,      0.978
    0.1002,     0.6764,      3.644,      0.187,      0.000,      0.882,      0.954,      0.979



Resnet18-ori
    0.1115,     1.0203,      5.163,      0.217,      0.000,      0.857,      0.936,      0.969
    0.1063,     0.9013,      4.938,      0.207,      0.000,      0.861,      0.941,      0.973
    0.1048,     0.8831,      4.857,      0.202,      0.000,      0.867,      0.945,      0.975
    0.1048,     0.9435,      4.912,      0.199,      0.000,      0.871,      0.947,      0.976
    0.1046,     0.7214,      3.848,      0.203,      0.000,      0.870,      0.943,      0.973
    0.1001,     0.6455,      3.691,      0.194,      0.000,      0.874,      0.948,      0.977
    0.0986,     0.6319,      3.621,      0.189,      0.000,      0.880,      0.952,      0.978
    0.0980,     0.6626,      3.638,      0.187,      0.000,      0.883,      0.953,      0.979

Resnet182-ori 56 FPS
    0.1117,     1.0202,      5.189,      0.216,      0.000,      0.858,      0.937,      0.970
    0.1075,     0.9060,      4.962,      0.208,      0.000,      0.860,      0.940,      0.973
    0.1058,     0.8900,      4.878,      0.203,      0.000,      0.866,      0.944,      0.975
    0.1052,     0.9442,      4.933,      0.200,      0.000,      0.870,      0.946,      0.976
    0.1047,     0.7191,      3.843,      0.202,      0.000,      0.871,      0.944,      0.974
    0.1012,     0.6541,      3.712,      0.195,      0.000,      0.873,      0.947,      0.976
    0.0996,     0.6409,      3.637,      0.190,      0.000,      0.879,      0.951,      0.978
    0.0985,     0.6663,      3.655,      0.188,      0.000,      0.883,      0.953,      0.979

Resnet18e2-ori 50FPS
    0.1113,     1.0254,      5.153,      0.216,      0.000,      0.859,      0.937,      0.970
    0.1068,     0.9166,      4.930,      0.207,      0.000,      0.862,      0.941,      0.973
    0.1052,     0.8993,      4.843,      0.202,      0.000,      0.868,      0.945,      0.975
    0.1056,     0.9718,      4.928,      0.200,      0.000,      0.871,      0.947,      0.975
    0.1044,     0.7295,      3.838,      0.202,      0.000,      0.872,      0.944,      0.974
    0.1006,     0.6611,      3.701,      0.195,      0.000,      0.874,      0.948,      0.976
    0.0990,     0.6466,      3.623,      0.190,      0.000,      0.881,      0.952,      0.978
    0.0987,     0.6834,      3.663,      0.188,      0.000,      0.884,      0.953,      0.978

Resnet18a-ori 44FPS
    0.1164,     1.0639,      5.263,      0.220,      0.000,      0.848,      0.934,      0.968
    0.1126,     0.9708,      5.091,      0.213,      0.000,      0.850,      0.937,      0.971
    0.1114,     0.9548,      5.019,      0.209,      0.000,      0.854,      0.940,      0.972
    0.1114,     1.0169,      5.068,      0.206,      0.000,      0.859,      0.943,      0.974
    0.1095,     0.7658,      3.940,      0.206,      0.000,      0.861,      0.942,      0.973
    0.1063,     0.7083,      3.831,      0.200,      0.000,      0.863,      0.945,      0.975
    0.1051,     0.6957,      3.767,      0.196,      0.000,      0.867,      0.948,      0.977
    0.1045,     0.7271,      3.784,      0.193,      0.000,      0.872,      0.950,      0.977


Resnet18a2-ori 34FPS
    0.1177,     1.1229,      5.339,      0.222,      0.000,      0.848,      0.933,      0.968
    0.1136,     1.0137,      5.121,      0.214,      0.000,      0.850,      0.937,      0.971
    0.1123,     0.9979,      5.044,      0.210,      0.000,      0.855,      0.941,      0.972
    0.1125,     1.0801,      5.123,      0.207,      0.000,      0.860,      0.943,      0.973
    0.1104,     0.7951,      3.983,      0.208,      0.000,      0.861,      0.941,      0.972
    0.1069,     0.7264,      3.857,      0.201,      0.000,      0.863,      0.945,      0.975
    0.1058,     0.7136,      3.788,      0.197,      0.000,      0.868,      0.948,      0.976
    0.1051,     0.7492,      3.810,      0.193,      0.000,      0.872,      0.950,      0.977

Resnet18a2e-ori 34FPS
    0.1135,     1.0787,      5.264,      0.219,      0.000,      0.853,      0.935,      0.969
    0.1098,     0.9703,      5.057,      0.211,      0.000,      0.855,      0.938,      0.972
    0.1086,     0.9593,      4.992,      0.207,      0.000,      0.859,      0.942,      0.973
    0.1088,     1.0313,      5.073,      0.204,      0.000,      0.864,      0.944,      0.974
    0.1062,     0.7570,      3.916,      0.205,      0.000,      0.866,      0.943,      0.973
    0.1032,     0.6931,      3.793,      0.198,      0.000,      0.867,      0.946,      0.976
    0.1020,     0.6832,      3.732,      0.194,      0.000,      0.872,      0.949,      0.977
    0.1016,     0.7175,      3.763,      0.191,      0.000,      0.876,      0.951,      0.978

vggASPPcs_reg_l2 45FPS ()
    0.1112,     0.9765,      5.096,      0.212,      0.000,      0.860,      0.941,      0.972
    0.1066,     0.8720,      4.877,      0.204,      0.000,      0.863,      0.945,      0.975
    0.1052,     0.8516,      4.790,      0.199,      0.000,      0.868,      0.948,      0.977
    0.1049,     0.9140,      4.851,      0.196,      0.000,      0.872,      0.951,      0.978
    0.1046,     0.7011,      3.798,      0.199,      0.000,      0.873,      0.948,      0.976
    0.1007,     0.6345,      3.653,      0.191,      0.000,      0.876,      0.952,      0.978
    0.0993,     0.6197,      3.580,      0.187,      0.000,      0.881,      0.955,      0.980
    0.0984,     0.6493,      3.599,      0.184,      0.000,      0.885,      0.957,      0.981

vggASPPcsre_reg_l2 42FPS ()
    0.1105,     0.9804,      5.108,      0.212,      0.000,      0.862,      0.940,      0.972
    0.1057,     0.8629,      4.881,      0.204,      0.000,      0.865,      0.944,      0.975
    0.1040,     0.8426,      4.788,      0.199,      0.000,      0.871,      0.948,      0.976
    0.1041,     0.9065,      4.866,      0.196,      0.000,      0.874,      0.950,      0.977
    0.1039,     0.7069,      3.812,      0.199,      0.000,      0.875,      0.947,      0.975
    0.0997,     0.6305,      3.660,      0.192,      0.000,      0.878,      0.951,      0.978
    0.0981,     0.6153,      3.581,      0.187,      0.000,      0.884,      0.955,      0.980
    0.0976,     0.6473,      3.612,      0.184,      0.000,      0.887,      0.956,      0.980

vggASPP_reg_l2 46FPS ()
    0.1131,     1.0305,      5.166,      0.215,      0.000,      0.854,      0.938,      0.971
    0.1081,     0.9256,      4.946,      0.207,      0.000,      0.858,      0.942,      0.974
    0.1064,     0.9064,      4.865,      0.202,      0.000,      0.863,      0.946,      0.975
    0.1057,     0.9663,      4.917,      0.198,      0.000,      0.868,      0.948,      0.976
    0.1061,     0.7285,      3.858,      0.202,      0.000,      0.867,      0.945,      0.975
    0.1018,     0.6641,      3.720,      0.194,      0.000,      0.870,      0.948,      0.977
    0.1001,     0.6472,      3.644,      0.189,      0.000,      0.876,      0.952,      0.979
    0.0988,     0.6717,      3.649,      0.186,      0.000,      0.881,      0.954,      0.979

vggASPP_preg_l2 46FPS ()
    0.1140,     1.0463,      5.181,      0.215,      0.000,      0.855,      0.939,      0.971
    0.1086,     0.9294,      4.936,      0.206,      0.000,      0.859,      0.943,      0.974
    0.1068,     0.9085,      4.851,      0.201,      0.000,      0.865,      0.947,      0.976
    0.1071,     0.9860,      4.956,      0.199,      0.000,      0.869,      0.949,      0.977
    0.1069,     0.7369,      3.870,      0.202,      0.000,      0.868,      0.945,      0.975
    0.1022,     0.6670,      3.716,      0.194,      0.000,      0.871,      0.949,      0.977
    0.1005,     0.6497,      3.639,      0.189,      0.000,      0.877,      0.953,      0.979
    0.1000,     0.6826,      3.672,      0.186,      0.000,      0.881,      0.955,      0.980


vggASPPres3 28FPS ()
    0.1101,     0.9870,      5.141,      0.213,      0.000,      0.860,      0.940,      0.972
    0.1046,     0.8707,      4.889,      0.204,      0.000,      0.864,      0.944,      0.975
    0.1029,     0.8507,      4.800,      0.199,      0.000,      0.870,      0.948,      0.977
    0.1034,     0.9274,      4.900,      0.197,      0.000,      0.874,      0.950,      0.977
    0.1033,     0.7019,      3.812,      0.199,      0.000,      0.873,      0.948,      0.975
    0.0985,     0.6297,      3.656,      0.191,      0.000,      0.877,      0.951,      0.978
    0.0969,     0.6149,      3.578,      0.186,      0.000,      0.883,      0.955,      0.980
    0.0966,     0.6529,      3.619,      0.184,      0.000,      0.886,      0.957,      0.980

vggASPPres3e 25FPS ()
    0.1458,     2.0782,      5.656,      0.229,      0.000,      0.841,      0.932,      0.966
    0.1341,     1.6044,      5.325,      0.218,      0.000,      0.845,      0.937,      0.970
    0.1337,     1.6365,      5.268,      0.214,      0.000,      0.851,      0.940,      0.971
    0.1418,     1.9835,      5.455,      0.215,      0.000,      0.849,      0.940,      0.970
    0.1346,     1.3575,      4.157,      0.214,      0.000,      0.854,      0.940,      0.970
    0.1253,     1.1061,      3.968,      0.205,      0.000,      0.858,      0.944,      0.973
    0.1247,     1.1204,      3.912,      0.201,      0.000,      0.864,      0.947,      0.975
    0.1312,     1.3270,      4.009,      0.202,      0.000,      0.862,      0.947,      0.974

vggASPPr 42FPS ()
    0.1137,     0.9788,      5.124,      0.216,      0.000,      0.853,      0.938,      0.971
    0.1085,     0.8653,      4.899,      0.207,      0.000,      0.858,      0.942,      0.974
    0.1069,     0.8440,      4.808,      0.201,      0.000,      0.863,      0.946,      0.976
    0.1062,     0.8948,      4.840,      0.198,      0.000,      0.868,      0.949,      0.977
    0.1073,     0.7137,      3.846,      0.203,      0.000,      0.867,      0.946,      0.974
    0.1026,     0.6386,      3.686,      0.194,      0.000,      0.871,      0.950,      0.978
    0.1010,     0.6206,      3.603,      0.189,      0.000,      0.877,      0.953,      0.979
    0.0999,     0.6462,      3.611,      0.186,      0.000,      0.881,      0.955,      0.980

vggASPPr2 41FPS ()
    0.1146,     1.0063,      5.238,      0.220,      0.000,      0.849,      0.935,      0.969
    0.1095,     0.9018,      5.028,      0.211,      0.000,      0.853,      0.938,      0.972
    0.1077,     0.8804,      4.933,      0.206,      0.000,      0.859,      0.943,      0.974
    0.1062,     0.9223,      4.942,      0.201,      0.000,      0.865,      0.946,      0.975
    0.1077,     0.7240,      3.903,      0.206,      0.000,      0.863,      0.943,      0.973
    0.1033,     0.6592,      3.773,      0.198,      0.000,      0.866,      0.946,      0.976
    0.1015,     0.6405,      3.685,      0.193,      0.000,      0.873,      0.950,      0.978
    0.0996,     0.6575,      3.673,      0.188,      0.000,      0.878,      0.953,      0.979

vggASPPcsr 45.5FPS ()
    0.1092,     0.9618,      5.082,      0.211,      0.000,      0.863,      0.942,      0.973
    0.1038,     0.8507,      4.838,      0.202,      0.000,      0.867,      0.946,      0.975
    0.1021,     0.8298,      4.743,      0.196,      0.000,      0.873,      0.950,      0.977
    0.1025,     0.8926,      4.825,      0.194,      0.000,      0.876,      0.952,      0.978
    0.1025,     0.6915,      3.778,      0.197,      0.000,      0.876,      0.949,      0.976
    0.0979,     0.6199,      3.620,      0.189,      0.000,      0.879,      0.952,      0.979
    0.0962,     0.6038,      3.537,      0.184,      0.000,      0.886,      0.956,      0.980
    0.0959,     0.6343,      3.569,      0.182,      0.000,      0.888,      0.958,      0.981

vggASPPcsr convb 38FPS ()
    0.1110,     1.0008,      5.117,      0.214,      0.000,      0.861,      0.940,      0.971
    0.1075,     0.9087,      4.927,      0.207,      0.000,      0.863,      0.942,      0.973
    0.1060,     0.8909,      4.843,      0.202,      0.000,      0.869,      0.946,      0.975
    0.1043,     0.9410,      4.865,      0.198,      0.000,      0.874,      0.949,      0.976
    0.1041,     0.7018,      3.809,      0.200,      0.000,      0.874,      0.947,      0.975
    0.1013,     0.6503,      3.697,      0.194,      0.000,      0.875,      0.949,      0.977
    0.0998,     0.6357,      3.622,      0.189,      0.000,      0.881,      0.953,      0.979
    0.0976,     0.6552,      3.611,      0.186,      0.000,      0.886,      0.955,      0.979



vggASPPcsr2 44FPS ()
    0.1106,     1.0038,      5.170,      0.213,      0.000,      0.861,      0.941,      0.971
    0.1049,     0.8812,      4.895,      0.203,      0.000,      0.866,      0.945,      0.975
    0.1032,     0.8605,      4.807,      0.198,      0.000,      0.872,      0.949,      0.977
    0.1040,     0.9390,      4.918,      0.196,      0.000,      0.875,      0.951,      0.977
    0.1036,     0.7104,      3.830,      0.199,      0.000,      0.874,      0.948,      0.975
    0.0987,     0.6312,      3.652,      0.191,      0.000,      0.879,      0.952,      0.978
    0.0971,     0.6158,      3.575,      0.186,      0.000,      0.884,      0.956,      0.980
    0.0971,     0.6525,      3.619,      0.184,      0.000,      0.887,      0.957,      0.980

vggASPPcsre 42FPS ()
    0.1133,     0.9617,      5.079,      0.216,      0.000,      0.858,      0.939,      0.971
    0.1087,     0.8612,      4.877,      0.207,      0.000,      0.861,      0.942,      0.974
    0.1070,     0.8386,      4.785,      0.202,      0.000,      0.867,      0.947,      0.976
    0.1059,     0.8879,      4.827,      0.199,      0.000,      0.872,      0.949,      0.977
    0.1071,     0.7039,      3.816,      0.203,      0.000,      0.871,      0.946,      0.974
    0.1031,     0.6379,      3.682,      0.195,      0.000,      0.874,      0.950,      0.977
    0.1014,     0.6200,      3.598,      0.190,      0.000,      0.880,      0.954,      0.979
    0.0998,     0.6444,      3.610,      0.187,      0.000,      0.884,      0.955,      0.980

kitti_resnet18pe_8x100_res3 34FPS
    0.1102,     0.9605,      5.066,      0.213,      0.000,      0.861,      0.940,      0.971
    0.1056,     0.8667,      4.874,      0.205,      0.000,      0.864,      0.944,      0.974
    0.1039,     0.8495,      4.781,      0.199,      0.000,      0.870,      0.948,      0.976
    0.1037,     0.8963,      4.831,      0.197,      0.000,      0.873,      0.950,      0.977
    0.1037,     0.6878,      3.780,      0.200,      0.000,      0.874,      0.947,      0.974
    0.0996,     0.6278,      3.655,      0.193,      0.000,      0.876,      0.950,      0.977
    0.0979,     0.6128,      3.570,      0.187,      0.000,      0.882,      0.954,      0.979
    0.0972,     0.6334,      3.583,      0.185,      0.000,      0.886,      0.956,      0.980

kitti_resnet18pe_8x100_res3 34FPS_occ 34FPS
    0.1094,     0.9552,      5.030,      0.211,      0.000,      0.865,      0.941,      0.972
    0.1048,     0.8597,      4.823,      0.203,      0.000,      0.868,      0.945,      0.975
    0.1032,     0.8429,      4.730,      0.197,      0.000,      0.875,      0.949,      0.976
    0.1028,     0.8899,      4.780,      0.195,      0.000,      0.878,      0.951,      0.977
    0.1030,     0.6870,      3.752,      0.198,      0.000,      0.878,      0.948,      0.975
    0.0989,     0.6234,      3.615,      0.190,      0.000,      0.881,      0.952,      0.978
    0.0973,     0.6104,      3.535,      0.185,      0.000,      0.887,      0.955,      0.979
    0.0965,     0.6323,      3.550,      0.183,      0.000,      0.890,      0.957,      0.980

kitti_vggASPPcsr_8x100_res3 38FPS
    0.1110,     1.0010,      5.122,      0.214,      0.000,      0.858,      0.939,      0.971
    0.1063,     0.9036,      4.923,      0.206,      0.000,      0.862,      0.942,      0.974
    0.1047,     0.8852,      4.833,      0.200,      0.000,      0.868,      0.946,      0.976
    0.1045,     0.9413,      4.886,      0.198,      0.000,      0.872,      0.948,      0.976
    0.1044,     0.7165,      3.820,      0.200,      0.000,      0.871,      0.946,      0.975
    0.1002,     0.6530,      3.688,      0.193,      0.000,      0.875,      0.949,      0.977
    0.0986,     0.6386,      3.610,      0.188,      0.000,      0.881,      0.953,      0.979
    0.0978,     0.6633,      3.618,      0.185,      0.000,      0.884,      0.955,      0.980

kitti_vggASPPcsr_8x100_res3_occ 38FPS
    0.1109,     0.9883,      5.170,      0.215,      0.000,      0.859,      0.938,      0.971
    0.1060,     0.8865,      4.957,      0.206,      0.000,      0.863,      0.942,      0.974
    0.1044,     0.8683,      4.872,      0.201,      0.000,      0.869,      0.946,      0.976
    0.1043,     0.9269,      4.943,      0.198,      0.000,      0.872,      0.949,      0.977
    0.1040,     0.7077,      3.839,      0.201,      0.000,      0.872,      0.945,      0.975
    0.0997,     0.6401,      3.694,      0.193,      0.000,      0.876,      0.950,      0.978
    0.0982,     0.6260,      3.620,      0.188,      0.000,      0.881,      0.953,      0.979
    0.0975,     0.6530,      3.639,      0.185,      0.000,      0.885,      0.955,      0.980

kitti_vggASPPcsr_8x100_res3 35FPS
    0.1130,     1.0062,      5.206,      0.215,      0.000,      0.857,      0.939,      0.971
    0.1075,     0.8809,      4.927,      0.206,      0.000,      0.861,      0.944,      0.975
    0.1060,     0.8600,      4.842,      0.201,      0.000,      0.867,      0.947,      0.977
    0.1059,     0.9236,      4.922,      0.198,      0.000,      0.870,      0.949,      0.977
    0.1062,     0.7209,      3.891,      0.201,      0.000,      0.870,      0.947,      0.975
    0.1016,     0.6484,      3.724,      0.193,      0.000,      0.874,      0.950,      0.978
    0.1002,     0.6324,      3.649,      0.189,      0.000,      0.879,      0.954,      0.980
    0.0995,     0.6648,      3.683,      0.186,      0.000,      0.882,      0.956,      0.980
